[gd_scene load_steps=6 format=3 uid="uid://0oi0jvima4pb"]

[ext_resource type="Script" path="res://scenes/xp_item_fx.gd" id="1_3jlss"]
[ext_resource type="Shader" path="res://scenes/xp_item.gdshader" id="2_wqsi3"]
[ext_resource type="PackedScene" uid="uid://dhc0bmexsf8gn" path="res://3d/heart_teamRed.gltf.glb" id="4_tkjir"]

[sub_resource type="ShaderMaterial" id="ShaderMaterial_fg8f7"]
shader = ExtResource("2_wqsi3")
shader_parameter/shine_color = Color(1, 1, 1, 1)
shader_parameter/shine_speed = 2.3
shader_parameter/shine_size = 0.01
shader_parameter/white = null

[sub_resource type="ViewportTexture" id="ViewportTexture_c4aq2"]
viewport_path = NodePath("SubViewport")

[node name="LifeItemFX" type="Node2D"]
script = ExtResource("1_3jlss")

[node name="Sprite2D" type="Sprite2D" parent="."]
material = SubResource("ShaderMaterial_fg8f7")
position = Vector2(-3, 23)
scale = Vector2(0.3, 0.3)
texture = SubResource("ViewportTexture_c4aq2")

[node name="SubViewport" type="SubViewport" parent="."]
own_world_3d = true
transparent_bg = true

[node name="Node3D" type="Node3D" parent="SubViewport"]

[node name="heart_teamRed_gltf" parent="SubViewport/Node3D" instance=ExtResource("4_tkjir")]
transform = Transform3D(-0.998342, 0, -0.057564, 0, 1, 0, 0.057564, 0, -0.998342, 1, 0, 0)

[node name="Camera3D" type="Camera3D" parent="SubViewport/Node3D"]
transform = Transform3D(-0.936458, 0, -0.35078, 0, 1, 0, 0.35078, 0, -0.936458, -0.442266, -1.00328, -4.27271)
current = true

[node name="DirectionalLight3D" type="DirectionalLight3D" parent="SubViewport/Node3D"]
transform = Transform3D(-0.866025, 0, -0.5, 0, 1, 0, 0.5, 0, -0.866025, 1.65867, 1.10793, 1)
light_color = Color(0.8, 0.145098, 0.0980392, 1)
light_energy = 8.51
sky_mode = 1
